0000000000000001000000000000000100000000000000000000000000000000 000000000000000000000000000000001 111111111111111111111111111111111
0000000000000001000000000000000100000000000000000000000000000001 000000000000000000000000000000010 111111111111111111111111111111111
0000000000000001000000000000001000000000000000000000000000000001 000000000000000000000000000000011 111111111111111111111111111111111
0000000000000001000000000000001100000000000000000000000000000000 000000000000000000000000000000011 111111111111111111111111111111111
0000000000000001000000000000010000000000000000000000000000000000 000000000000000000000000000000100 111111111111111111111111111111111
0000000000000001000000000000010000000000000000000000000000000001 000000000000000000000000000000101 111111111111111111111111111111111
0000000000000001000000000000010100000000000000000000000000000000 000000000000000000000000000000101 111111111111111111111111111111111
0000000000000001000000000000011000000000000000000000000000000000 000000000000000000000000000000110 111111111111111111111111111111111
0000000000000001000000000000011100000000000000000000000000000000 000000000000000000000000000000111 111111111111111111111111111111111
0000000000000001000000000000100000000000000000000000000000000000 000000000000000000000000000001000 111111111111111111111111111111111
